Id,duration,src_bytes,dst_bytes,land,wrong_fragment,urgent,hot,num_failed_logins,logged_in,num_compromised,root_shell,su_attempted,num_root,num_file_creations,num_shells,num_access_files,num_outbound_cmds,is_host_login,is_guest_login,count,srv_count,serror_rate,srv_serror_rate,rerror_rate,srv_rerror_rate,same_srv_rate,diff_srv_rate,srv_diff_host_rate,dst_host_count,dst_host_srv_count,dst_host_same_srv_rate,dst_host_diff_srv_rate,dst_host_same_src_port_rate,dst_host_srv_diff_host_rate,dst_host_serror_rate,dst_host_srv_serror_rate,dst_host_rerror_rate,dst_host_srv_rerror_rate,last_flag,attack_class,protocol_type_tcp,protocol_type_udp,service_X11,service_Z39_50,service_aol,service_auth,service_bgp,service_courier,service_csnet_ns,service_ctf,service_daytime,service_discard,service_domain,service_domain_u,service_echo,service_eco_i,service_ecr_i,service_efs,service_exec,service_finger,service_ftp,service_ftp_data,service_gopher,service_harvest,service_hostnames,service_http,service_http_2784,service_http_443,service_http_8001,service_imap4,service_iso_tsap,service_klogin,service_kshell,service_ldap,service_link,service_login,service_mtp,service_name,service_netbios_dgm,service_netbios_ns,service_netbios_ssn,service_netstat,service_nnsp,service_nntp,service_ntp_u,service_other,service_pm_dump,service_pop_2,service_pop_3,service_printer,service_private,service_red_i,service_remote_job,service_rje,service_shell,service_smtp,service_sql_net,service_ssh,service_sunrpc,service_supdup,service_systat,service_telnet,service_tftp_u,service_tim_i,service_time,service_urh_i,service_urp_i,service_uucp,service_uucp_path,service_vmnet,service_whois,flag_REJ,flag_RSTO,flag_RSTOS0,flag_RSTR,flag_S0,flag_S1,flag_S2,flag_S3,flag_SF,flag_SH,attack_buffer_overflow,attack_ftp_write,attack_guess_passwd,attack_imap,attack_ipsweep,attack_land,attack_loadmodule,attack_multihop,attack_neptune,attack_nmap,attack_normal,attack_perl,attack_phf,attack_pod,attack_portsweep,attack_rootkit,attack_satan,attack_smurf,attack_spy,attack_teardrop,attack_warezclient,attack_warezmaster
duration,1,0.011739625,0.036891845,,,,0.021273562,,-0.064537726,0.062081063,,,,,,,,,,-0.099244029,-0.050309308,-0.087513658,-0.087146421,0.173108048,0.173606579,0.08586851,0.001608306,-0.05009894,0.05429516,-0.050309308,-0.1395048,0.323504542,0.276601702,-0.034260181,-0.078252091,-0.07795549,0.150303545,0.171099025,-0.146935117,0.089313249,-0.053326785,0.092063938,0.011867617,-0.010648579,-0.000551633,-0.011262653,-0.009492078,-0.009685808,-0.008066305,-0.008233773,-0.006754476,-0.006934184,-0.008286617,-0.036550353,-0.005767741,-0.026909231,-0.021906107,-0.00748496,-0.007370693,-0.015887984,0.002697002,-0.022957702,-0.007803959,-0.000551633,-0.007228921,-0.094475368,-0.000390062,-0.008997913,-0.000551633,-0.008957497,-0.009308019,-0.006943599,-0.005325106,-0.007911,-0.007383255,-0.006872971,-0.007007307,-0.007134587,-0.006634852,-0.00595011,-0.006132484,-0.006109222,-0.009812438,-0.005279674,-0.004907286,0.352710659,-0.000872218,-0.000648242,-0.004770406,-0.000270179,0.035888494,-0.001103292,-0.000652902,-0.000958695,-7.20E-05,-0.033144541,-0.004534007,-0.005475095,-0.006355693,-0.008057475,-0.00740337,0.092972988,-0.000675612,-0.001103292,-0.008054054,-0.001233527,-0.009593343,-0.010041115,-0.009323786,-0.008717277,-0.009356028,-0.043311406,-0.003733066,0.020369098,0.497641119,-0.085618366,-0.007462908,-0.004180215,0.004279977,-0.03473042,-0.006428118,-0.00084522,-0.000867854,-0.002789413,-0.001237923,-0.023313164,-0.001655003,-0.000890827,0.000219626,-0.096538478,-0.015161788,-0.009283315,-0.000491546,-0.000756993,-0.005534474,0.408874474,-0.000413961,-0.023837079,-0.020278515,0.000604618,-0.011691145,0.037013388,-0.001571482
src_bytes,0.011739625,1,0.127826513,,,,0.379972779,,0.163274806,0.60336301,,,,,,,,,,-0.105270504,-0.036083284,-0.100188936,-0.099507202,-0.044664331,-0.033163768,0.119280626,-0.035557497,0.011233649,-0.0730447,5.50E-05,0.068031894,-0.036770901,0.017299924,-0.030134718,-0.099584696,-0.099962692,-0.045250661,-0.047173835,-0.244251384,-0.019617003,0.066888943,-0.057434887,0.117599672,-0.013922415,-0.000668327,-0.01462442,-0.012627761,-0.012840645,-0.01105629,-0.011238195,-0.010808952,-0.009902957,-0.011264611,-0.044600209,-0.009861839,-0.032228315,-0.003916501,-0.010427449,-0.010307943,-0.019356907,-0.007070949,0.204189679,-0.010777294,-0.000668327,-0.010154133,0.052780209,-0.000472577,-0.010902445,-0.000668327,-0.011902675,-0.012420403,-0.009850564,-0.008181269,-0.009584518,-0.010318978,-0.009798698,-0.009918815,-0.010053947,-0.009525684,-0.008815216,-0.009003834,-0.008979289,-0.011891302,-0.008139223,-0.005843578,-0.009996886,-0.001011566,-0.004174283,-0.007320332,-0.003925525,-0.076047021,-0.001218533,-0.004174907,-0.004383924,-0.000692842,0.038582893,-0.007404138,-0.008259083,-0.009237823,-0.011046098,-0.010340762,-0.016092685,-0.000817738,-0.000681166,-0.012116486,-0.00143539,-0.01010832,-0.013239031,-0.012438568,-0.011767346,-0.012474821,-0.052480722,-0.016137772,0.007541181,0.018268134,-0.103727793,0.04195536,0.011525871,0.031067132,0.117345512,-0.007787942,0.000932714,-0.001050068,-0.003022171,-0.000990116,-0.028496047,-0.002005108,-0.001208602,-0.000721861,-0.11693104,-0.017705632,0.00440956,-0.000607308,-0.000898342,0.002845092,-0.022114083,-0.001066672,-0.028784439,-0.002928063,-0.000555046,-0.013779091,0.047995393,-0.002012372
dst_bytes,0.036891845,0.127826513,1,,,,0.127001995,,0.421999142,0.237362654,,,,,,,,,,-0.237213761,-0.087530866,-0.20177616,-0.202172229,-0.118673299,-0.113903722,0.268596475,-0.112569282,0.01287897,-0.209267179,0.323253371,0.31132062,-0.131369712,-0.080878879,-0.015250128,-0.208831646,-0.208730832,-0.120730892,-0.109380561,0.098952205,-0.263788064,0.162283526,-0.122828102,0.086083509,-0.029283844,-0.00140573,-0.030632833,-0.026560728,-0.027008498,-0.023255367,-0.023637977,-0.022734537,-0.023104893,-0.022836035,-0.091887345,-0.020743081,-0.068573007,-0.055823506,-0.021932693,-0.021681595,-0.040288822,0.009723708,-0.076889634,-0.022657006,-0.00140573,-0.021357812,0.421040815,-0.000993997,-0.022931735,-0.00140573,-0.024039002,-0.026124579,-0.0207193,-0.017208185,-0.020159664,-0.021704541,-0.019612193,-0.020862857,-0.021147087,-0.020035963,-0.018541598,-0.018939244,-0.018886703,-0.025011655,-0.017121435,-0.012431147,-0.06469363,-0.001511226,-0.008756768,0.004317794,-0.008248021,-0.160552046,-0.002811527,-0.00878143,-0.009221063,-0.007992468,-0.064260339,-0.015573608,-0.015521745,-0.019431382,-0.02323393,-0.02175036,0.106312368,-0.001721667,-0.002811527,-0.025477083,-0.003143408,-0.024446793,-0.027846457,-0.026162787,-0.02475097,-0.02623904,-0.1103857,-0.033535156,-0.010092057,-0.021514172,-0.218181966,0.137051181,0.043578816,0.008654186,0.260375025,-0.016380824,0.014188718,0.004816781,-0.00607203,0.004679182,-0.060146144,-0.004217458,0.003705607,0.021495147,-0.246005939,-0.038630985,0.289520329,0.001413467,0.010050036,-0.014103543,-0.053376794,0.006872839,-0.060373903,-0.051675902,-0.000155672,-0.029791244,-0.011540952,0.064961903
land,,,,,,,,,,,,,,,,,,,,,,,,,,,,,,,,,,,,,,,,,,,,,,,,,,,,,,,,,,,,,,,,,,,,,,,,,,,,,,,,,,,,,,,,,,,,,,,,,,,,,,,,,,,,,,,,,,,,,,,,,,,,,,,,,,,,,,,,,,,,,,,
wrong_fragment,,,,,,,,,,,,,,,,,,,,,,,,,,,,,,,,,,,,,,,,,,,,,,,,,,,,,,,,,,,,,,,,,,,,,,,,,,,,,,,,,,,,,,,,,,,,,,,,,,,,,,,,,,,,,,,,,,,,,,,,,,,,,,,,,,,,,,,,,,,,,,,
urgent,,,,,,,,,,,,,,,,,,,,,,,,,,,,,,,,,,,,,,,,,,,,,,,,,,,,,,,,,,,,,,,,,,,,,,,,,,,,,,,,,,,,,,,,,,,,,,,,,,,,,,,,,,,,,,,,,,,,,,,,,,,,,,,,,,,,,,,,,,,,,,,
hot,0.021273562,0.379972779,0.127001995,,,,1,,0.168937125,0.423629961,,,,,,,,,,-0.10053985,-0.049882645,-0.082285603,-0.082354841,-0.035476252,-0.028680483,0.10362501,-0.03013985,-0.01707026,-0.043161084,-0.039058214,0.013809084,-0.028852186,-0.038697448,-0.034278847,-0.085733389,-0.085295387,-0.03599366,-0.037023038,-0.242288004,0.024818918,0.067021024,-0.0517328,-0.002451604,-0.011682875,-0.00056082,-0.012301534,-0.01059648,-0.010775119,-0.009277797,-0.00943044,-0.009070347,-0.009217765,-0.009144304,-0.039141482,-0.008275598,-0.027357401,-0.022270951,-0.008750112,-0.008649936,-0.014869093,0.663200707,-0.021344821,-0.008691502,-0.00056082,-0.008520761,0.013662072,-0.000396558,-0.009148683,-0.00056082,-0.00885031,-0.010422477,-0.008266025,-0.006865256,-0.008042757,-0.00865909,-0.008227625,-0.008323298,-0.008436692,-0.007993406,-0.007397225,-0.007555867,-0.007534905,-0.009978473,-0.006830646,-0.005143391,-0.025165443,-0.000886745,-0.003503377,-0.005956657,-0.003294948,-0.064481132,-0.001121667,-0.003503377,-0.00367877,-0.003197966,-0.030599387,-0.006213136,-0.006547335,-0.00693042,-0.009269244,-0.00867737,0.015412535,-0.000686864,-0.001121667,-0.008597933,-0.001254072,-0.00975312,-0.011109669,-0.01043772,-0.009874472,-0.010468142,-0.044038697,-7.11E-05,-0.004026256,0.006099518,-0.086691269,0.005006073,0.068758631,0.005233301,0.098075935,-0.005561205,0.08263884,0.010203968,0.058725825,0.008343362,-0.024137386,-0.001682567,0.020166194,0.026192801,-0.098146349,-0.015414306,-0.006636075,-0.000686864,0.031240098,-0.00562665,-0.020525896,0.003810946,-0.022771477,-0.020616252,-0.00056082,-0.01188586,0.270176875,0.003598881
num_failed_logins,,,,,,,,,,,,,,,,,,,,,,,,,,,,,,,,,,,,,,,,,,,,,,,,,,,,,,,,,,,,,,,,,,,,,,,,,,,,,,,,,,,,,,,,,,,,,,,,,,,,,,,,,,,,,,,,,,,,,,,,,,,,,,,,,,,,,,,,,,,,,,,
logged_in,-0.064537726,0.163274806,0.421999142,,,,0.168937125,,1,0.125493067,,,,,,,,,,-0.539761687,-0.201053432,-0.49193116,-0.490173117,-0.287517608,-0.283534807,0.600543653,-0.221326055,0.131072318,-0.401087338,0.624362594,0.604056318,-0.256067103,-0.16099391,-0.052834085,-0.491484291,-0.493270056,-0.275974312,-0.272809022,0.30747433,-0.611576335,0.385354869,-0.297451231,0.010867639,-0.067173739,-0.003224581,-0.042283601,-0.060927226,-0.06195436,-0.053345113,-0.054222776,-0.051899382,-0.052751009,-0.045797078,-0.225054163,-0.047305664,-0.157298517,-0.128052642,-0.050311053,-0.049735063,-0.096525184,0.068421513,0.090977384,-0.050732968,-0.003224581,-0.048992341,0.699555292,-0.002280114,-0.052602738,-0.003224581,-0.057011228,-0.059926751,-0.047527669,-0.039473579,-0.046243928,-0.049787697,-0.04647093,-0.047856971,-0.048508962,-0.045960173,-0.042532274,-0.043141166,-0.043323904,-0.057373833,-0.037598169,-0.029573268,-0.130386732,-0.005098571,-0.019491002,0.029294448,-0.018251355,-0.370493869,-0.006449316,-0.020143581,-0.021152047,-0.016957884,0.280871116,-0.035724048,-0.035353069,-0.044573335,-0.053295937,-0.0498928,-0.011531453,-0.003949305,-0.006449316,-0.057784396,-0.007210612,-0.056078106,-0.063257117,-0.060014396,-0.056775851,-0.060189312,-0.253211982,-0.070581384,-0.023150007,-0.093419125,-0.500447814,0.052718516,0.033627997,0.019435992,0.641746611,-0.037575709,0.019071438,0.005773362,-0.015811321,-0.005825307,-0.13634813,-0.009674358,0.00852437,0.002678268,-0.564283444,-0.088628574,0.690180913,0.006030272,0.006963186,-0.032351891,-0.124580529,0.001899707,-0.134122628,-0.11853852,0.000849548,-0.068340853,0.104233109,-0.007620861
num_compromised,0.062081063,0.60336301,0.237362654,,,,0.423629961,,0.125493067,1,,,,,,,,,,-0.071763239,-0.034837881,-0.060378215,-0.060296182,-0.020827025,-0.00885078,0.076679167,-0.030726094,-0.004731245,-0.037133363,-0.004396287,0.059499272,-0.027770904,-0.034179152,-0.01659867,-0.046812775,-0.050796273,-0.02284682,-0.02050055,-0.278755027,0.025598411,0.048359365,-0.037328067,-0.002445468,-0.008429839,-0.000404663,0.00113877,-0.007645945,-0.007774843,-0.006694442,-0.006804582,-0.006544756,-0.006651125,-0.006840909,-0.028242737,-0.0059713,-0.019739873,-0.016069719,-0.006313688,-0.006241406,-0.012113241,-0.012067968,-0.0236743,-0.006525808,-0.000404663,-0.006148199,0.085512941,-0.000286139,-0.006601279,-0.000404663,-0.00508746,-0.007520392,-0.005964393,-0.004953661,-0.005803292,-0.006248011,-0.004581122,-0.006005718,-0.006087538,-0.005767683,-0.005337506,-0.005451974,-0.00543685,-0.007200018,-0.004928688,-0.00371124,-0.019227157,-0.000639835,-0.00252788,-0.002927185,-0.002377487,-0.046526692,-0.000809344,-0.00252788,-0.002654435,-0.002307509,-0.022172695,-0.00448312,-0.005052328,-0.005593645,-0.006688271,-0.006261201,0.186060154,-0.00049561,-0.000809344,-0.007336582,-0.000904882,-0.007037414,-0.008016239,-0.007531391,-0.007124976,-0.007553341,-0.031776348,-0.009238628,-0.002905165,0.011668037,-0.062807285,0.019502415,-0.000737805,0.002001571,0.073022454,-0.004715491,0.090556254,0.00910072,-0.00208355,0.00750238,-0.016942419,-0.001214065,0.017828228,0.020431456,-0.070818002,-0.011122272,-0.049945696,-0.00049561,-0.000572284,-0.004059938,-0.015674533,0.025686823,-0.016085327,-0.014875762,-0.000404663,-0.008576303,-0.008566615,-0.001279747
root_shell,,,,,,,,,,,,,,,,,,,,,,,,,,,,,,,,,,,,,,,,,,,,,,,,,,,,,,,,,,,,,,,,,,,,,,,,,,,,,,,,,,,,,,,,,,,,,,,,,,,,,,,,,,,,,,,,,,,,,,,,,,,,,,,,,,,,,,,,,,,,,,,
su_attempted,,,,,,,,,,,,,,,,,,,,,,,,,,,,,,,,,,,,,,,,,,,,,,,,,,,,,,,,,,,,,,,,,,,,,,,,,,,,,,,,,,,,,,,,,,,,,,,,,,,,,,,,,,,,,,,,,,,,,,,,,,,,,,,,,,,,,,,,,,,,,,,
num_root,,,,,,,,,,,,,,,,,,,,,,,,,,,,,,,,,,,,,,,,,,,,,,,,,,,,,,,,,,,,,,,,,,,,,,,,,,,,,,,,,,,,,,,,,,,,,,,,,,,,,,,,,,,,,,,,,,,,,,,,,,,,,,,,,,,,,,,,,,,,,,,
num_file_creations,,,,,,,,,,,,,,,,,,,,,,,,,,,,,,,,,,,,,,,,,,,,,,,,,,,,,,,,,,,,,,,,,,,,,,,,,,,,,,,,,,,,,,,,,,,,,,,,,,,,,,,,,,,,,,,,,,,,,,,,,,,,,,,,,,,,,,,,,,,,,,,
num_shells,,,,,,,,,,,,,,,,,,,,,,,,,,,,,,,,,,,,,,,,,,,,,,,,,,,,,,,,,,,,,,,,,,,,,,,,,,,,,,,,,,,,,,,,,,,,,,,,,,,,,,,,,,,,,,,,,,,,,,,,,,,,,,,,,,,,,,,,,,,,,,,
num_access_files,,,,,,,,,,,,,,,,,,,,,,,,,,,,,,,,,,,,,,,,,,,,,,,,,,,,,,,,,,,,,,,,,,,,,,,,,,,,,,,,,,,,,,,,,,,,,,,,,,,,,,,,,,,,,,,,,,,,,,,,,,,,,,,,,,,,,,,,,,,,,,,
num_outbound_cmds,,,,,,,,,,,,,,,,,,,,,,,,,,,,,,,,,,,,,,,,,,,,,,,,,,,,,,,,,,,,,,,,,,,,,,,,,,,,,,,,,,,,,,,,,,,,,,,,,,,,,,,,,,,,,,,,,,,,,,,,,,,,,,,,,,,,,,,,,,,,,,,
is_host_login,,,,,,,,,,,,,,,,,,,,,,,,,,,,,,,,,,,,,,,,,,,,,,,,,,,,,,,,,,,,,,,,,,,,,,,,,,,,,,,,,,,,,,,,,,,,,,,,,,,,,,,,,,,,,,,,,,,,,,,,,,,,,,,,,,,,,,,,,,,,,,,
is_guest_login,,,,,,,,,,,,,,,,,,,,,,,,,,,,,,,,,,,,,,,,,,,,,,,,,,,,,,,,,,,,,,,,,,,,,,,,,,,,,,,,,,,,,,,,,,,,,,,,,,,,,,,,,,,,,,,,,,,,,,,,,,,,,,,,,,,,,,,,,,,,,,,
count,-0.099244029,-0.105270504,-0.237213761,,,,-0.10053985,,-0.539761687,-0.071763239,,,,,,,,,,1,0.469490705,0.457553454,0.45208939,0.161054374,0.162989889,-0.628024194,0.222633848,-0.263063328,0.468091121,-0.395978647,-0.473963946,0.167454386,-0.138228297,-0.227775031,0.459044373,0.460806635,0.178324727,0.167706885,-0.04801335,0.412434789,-0.048546284,-0.008854993,-0.014379935,0.093533739,0.014854641,0.064952229,0.088494122,0.022453824,0.071601465,0.073638149,0.074776888,0.074680793,0.075045729,0.062903168,0.063694701,-0.140704997,0.332067334,0.019349689,0.018230525,-0.012659488,-0.018201725,-0.121417671,0.071756695,0.014819844,0.075617508,-0.429115813,0.010454566,0.025247073,0.014819844,0.09108755,0.095138356,0.015288275,0.011785535,0.034584654,0.072724459,0.017335015,0.068719433,0.064910654,0.059350884,0.051785449,0.057667059,0.052975042,0.022442903,0.04314234,-0.025983042,0.087480674,0.002337888,0.030394898,-0.009498212,0.006807396,0.192815829,-0.00547953,0.022655822,0.02024235,0.005049012,-0.169473878,0.033629493,0.042268125,0.058096039,0.065682138,0.069033597,-0.029845583,-0.001666713,-0.005679619,0.06447509,-0.006443431,-0.044219525,0.023850994,0.084555001,0.080889029,0.080996495,0.199031317,0.064742251,0.010327015,-0.083112748,0.461589198,-0.038381435,-0.02166271,-0.01340998,-0.51834328,-0.032903433,-0.010109921,-0.005784013,-0.014795521,-0.006693409,-0.124418294,-0.008218172,-0.006085685,-0.005410427,0.540357543,-0.079023252,-0.576442078,-0.0035419,-0.00408985,-0.027628465,-0.068570196,-0.006458993,0.20265028,0.374258088,-0.002891938,-0.016979132,-0.061012251,-0.009129256
srv_count,-0.050309308,-0.036083284,-0.087530866,,,,-0.049882645,,-0.201053432,-0.034837881,,,,,,,,,,0.469490705,1,-0.149137739,-0.14828251,-0.114355983,-0.11462865,0.191821832,-0.109438439,-0.077424111,0.15131904,0.205498442,0.184340691,-0.107911918,0.158327134,-0.061071994,-0.146792309,-0.145935467,-0.102134413,-0.113713054,-0.136205424,-0.038032599,-0.532516571,0.348374998,-0.00881404,-0.019374757,-0.001481427,-0.024256672,-0.018027128,-0.018139509,-0.016062148,-0.0166192,-0.015701944,-0.01595131,-0.017198609,0.427385182,-0.013694095,-0.018975715,0.642472495,-0.013527869,-0.013554287,-0.03359349,-0.03942054,-0.073195645,-0.014976571,-0.001481427,-0.013987197,-0.150286221,-0.001047523,-0.014158762,-0.001481427,-0.01495993,-0.016176014,-0.012992836,-0.010498945,-0.012865694,-0.014299109,-0.013111798,-0.014117425,-0.014514537,-0.013659755,-0.012452705,-0.012677132,-0.012718221,-0.016682413,-0.011275801,-0.013559044,-0.001762419,-0.002342369,-0.006099773,-0.015487364,-0.00581544,-0.10684075,-0.002474745,-0.006859361,-0.0066452,-0.005677325,-0.089117543,-0.009994236,-0.011089196,-0.012095832,-0.014735118,-0.014157206,-0.040778295,-0.001746047,-0.00292108,-0.017917435,-0.003312676,-0.023990351,-0.018607801,-0.016850567,-0.0163657,-0.017543287,-0.093369931,-0.030087455,-0.01016886,-0.050853388,-0.143675228,-0.018116671,-0.010641105,-0.006003784,0.211410645,-0.015914687,-0.005666145,-0.002948976,-0.007475896,0.009990774,-0.020158656,-0.004314376,-0.003103217,-0.00275664,-0.16163769,-0.015616816,0.00196572,-0.001814377,-0.002075345,-0.01207822,-0.056408818,-0.0033002,-0.047660075,0.698080041,-0.001481427,0.026995778,-0.030984581,-0.004658551
serror_rate,-0.087513658,-0.100188936,-0.20177616,,,,-0.082285603,,-0.49193116,-0.060378215,,,,,,,,,,0.457553454,-0.149137739,1,0.993289221,-0.227538285,-0.227173355,-0.761886639,0.051492334,-0.224024218,0.395582448,-0.55780987,-0.622803796,-0.018194134,-0.275974721,-0.192245648,0.979373016,0.9811389,-0.231811809,-0.22662272,-0.000676733,0.403976499,0.300061466,-0.230314017,-0.013009135,0.092924685,-0.001825026,0.060772874,0.081951803,0.09051686,0.074220391,0.071803118,0.077614934,0.070222877,0.067263011,-0.177183772,0.063079386,-0.123714601,-0.100713967,0.070426957,0.067788958,0.092142444,-0.014303489,-0.060490541,0.065933388,-0.001601903,0.064635678,-0.372955866,-0.001353592,0.068994888,-0.001378781,0.078679261,0.086581691,0.072027321,0.053416924,0.063806054,0.064241045,0.069107025,0.06537483,0.060773995,0.064330115,0.056075649,0.059851705,0.066265592,0.080609604,0.060547615,-0.023285841,-0.101463518,-0.003788802,0.019970984,-0.008155129,0.024819982,0.324700825,-0.005078159,0.019484933,0.020030333,0.023346647,-0.134247814,0.044123236,0.054068516,0.061768802,0.078549422,0.070030223,0.084927151,-0.003109663,-0.005078159,0.065153303,-0.005677599,-0.044155615,0.0866659,0.083190199,0.079335825,0.084696814,-0.18910709,-0.07100299,0.018269081,-0.089166373,0.979174028,0.05804341,0.037465802,0.014391588,-0.758418483,0.073166873,-0.00755306,-0.005078159,-0.011338968,0.00801229,-0.109172309,0.018162211,-0.005386222,-0.004750164,0.855053816,-0.02669733,-0.650650817,-0.003109663,-0.003590744,-0.025473715,-0.086455774,-0.005677599,-0.090872201,-0.093336627,-0.002539019,-0.0398581,-0.053219724,-0.008029657
srv_serror_rate,-0.087146421,-0.099507202,-0.202172229,,,,-0.082354841,,-0.490173117,-0.060296182,,,,,,,,,,0.45208939,-0.14828251,0.993289221,1,-0.22781646,-0.234509376,-0.756783147,0.04498496,-0.225739897,0.393352878,-0.555038293,-0.619136237,-0.028694038,-0.275070821,-0.190333581,0.97759594,0.986251674,-0.235066998,-0.233143948,0.003872225,0.400946165,0.300912112,-0.232270785,-0.011896159,0.093165138,-0.002517979,0.061444962,0.082177459,0.090914772,0.074418362,0.072048982,0.077843453,0.070399484,0.067468367,-0.175738076,0.063310837,-0.122829715,-0.099992485,0.070825003,0.067899529,0.093036184,-0.01378878,-0.060660179,0.066139923,0.001938817,0.064786181,-0.372038621,-0.001780473,0.06921455,0.001938817,0.078647421,0.086788596,0.072420124,0.053841025,0.063971341,0.064849045,0.069137551,0.065589542,0.060979863,0.064493112,0.056236193,0.059959493,0.066467549,0.080816889,0.060658531,-0.023092882,-0.10788301,-0.003981322,0.019964172,-0.007990322,0.025432077,0.322775109,-0.005036079,0.019728594,0.020196611,0.023176244,-0.134961519,0.04425261,0.054265377,0.061888285,0.07916681,0.070188222,0.085625337,-0.003083894,-0.005036079,0.065420937,-0.005630552,-0.043789719,0.086852406,0.083397094,0.079541342,0.08492683,-0.196511849,-0.070593171,0.012844379,-0.088459602,0.982659909,0.052419266,0.024158751,0.0129666,-0.755825751,0.074021472,-0.009753176,-0.005036079,-0.011232837,0.006162475,-0.108372437,0.019188056,-0.005341589,-0.004710801,0.856377617,-0.025722432,-0.648287419,-0.003083894,-0.003560989,-0.025262626,-0.085230638,-0.005630552,-0.098428394,-0.092563191,-0.002517979,-0.053365332,-0.05274531,-0.007963119
rerror_rate,0.173108048,-0.044664331,-0.118673299,,,,-0.035476252,,-0.287517608,-0.020827025,,,,,,,,,,0.161054374,-0.114355983,-0.227538285,-0.22781646,1,0.989007641,-0.209824409,0.267596234,-0.076063968,0.068455404,-0.251078082,-0.257616584,0.376002806,0.032678637,0.015619998,-0.226259858,-0.224987375,0.926748537,0.964448626,-0.11590192,0.323284478,0.17792801,-0.137305273,0.005191258,0.02479062,0.009948395,0.014922761,0.025745045,0.016167233,0.018971712,0.024446554,0.011584734,0.023857947,0.015196401,-0.10410921,0.021324634,-0.072579203,-0.059236671,0.017409046,0.019769633,-0.024553594,-0.0150108,-0.075561529,0.023444749,0.009388826,0.022403823,-0.101921542,0.00703455,0.024637339,0.009326652,0.021589892,0.016946166,0.008790466,0.016210824,0.017292116,0.024797363,0.0114974,0.01880295,0.026640325,0.015673883,0.019523143,0.016334374,0.007093277,0.019447291,0.004002264,-0.013680483,0.116015993,0.00707893,0.017411244,-0.003255363,0.008801654,0.182020629,-0.002983429,0.018994703,0.020556561,0.006788165,-0.082362632,0.019556498,0.013554728,0.015837712,0.012895123,0.016960805,-0.010158109,-0.001826934,-0.002983429,0.017417405,-0.003335602,-0.025941521,0.025344161,0.021580583,0.01984151,0.020165493,0.835067579,0.299638709,0.027712836,0.36981136,-0.224774724,-0.019300256,-0.010159653,-0.005613366,-0.44762912,-0.017382382,-0.00495908,-0.002983429,0.051512795,-0.003498423,-0.000778324,-0.003086674,-0.003164417,-0.002790732,0.103731426,-0.040999245,-0.253395355,-0.001826934,-0.00210957,-0.014965863,0.397795943,-0.003335602,0.216538207,-0.054835474,-0.001491679,-0.031162184,-0.03083906,-0.004717441
srv_rerror_rate,0.173606579,-0.033163768,-0.113903722,,,,-0.028680483,,-0.283534807,-0.00885078,,,,,,,,,,0.162989889,-0.11462865,-0.227173355,-0.234509376,0.989007641,1,-0.209803817,0.275322472,-0.073296253,0.071018534,-0.249502984,-0.255568462,0.380097382,0.029802084,0.012246219,-0.22647217,-0.230753459,0.917822363,0.970207964,-0.115746067,0.324545543,0.178296743,-0.137625316,0.007800434,0.024260241,0.010819511,0.013790706,0.025214481,0.015485051,0.018668525,0.023939367,0.011222073,0.023057408,0.014830921,-0.1041285,0.020471912,-0.072779185,-0.059247647,0.01672378,0.019052436,-0.026306778,-0.015920668,-0.0760333,0.022827107,0.004663778,0.022062189,-0.099836401,0.007650519,0.024165812,0.004663778,0.020887563,0.016567706,0.008183435,0.015507493,0.016930106,0.023786215,0.010109534,0.018367594,0.026218931,0.015563386,0.019163271,0.014722798,0.006834077,0.019003395,0.002598535,-0.013683017,0.122892564,-0.002359017,0.016316024,-0.004823164,0.00591062,0.182860706,-0.002983982,0.018613412,0.020263046,0.002833017,-0.083750803,0.019657445,0.013251722,0.014216968,0.011998,0.016651033,-0.011439948,-0.001827272,-0.002983982,0.016124762,-0.00333622,-0.025946327,0.024537554,0.021119041,0.019403707,0.019736976,0.841011756,0.295556325,0.034966881,0.370740898,-0.2304777,-0.019727987,-0.011284263,-0.006764242,-0.445485972,-0.017311488,-0.004189381,-0.002983982,0.050923969,-0.002764097,-0.001615408,-0.004476151,-0.003165004,-0.002791249,0.099522068,-0.041006842,-0.253502206,-0.001827272,6.64E-05,-0.014968636,0.394642433,-0.00333622,0.224905066,-0.054845634,-0.001491956,-0.031620079,-0.030998671,-0.004718315
same_srv_rate,0.08586851,0.119280626,0.268596475,,,,0.10362501,,0.600543653,0.076679167,,,,,,,,,,-0.628024194,0.191821832,-0.761886639,-0.756783147,-0.209824409,-0.209803817,1,-0.376836593,0.277157991,-0.509780078,0.705418675,0.788986533,-0.16648685,0.279722895,0.240172279,-0.760647144,-0.765321227,-0.214714147,-0.214088899,-0.005317679,-0.539978184,-0.266471812,0.189985658,0.012764851,-0.112228339,-0.00599038,-0.079339359,-0.102396933,-0.097143782,-0.089124493,-0.089009224,-0.086446076,-0.087895514,-0.08781254,0.206323949,-0.077902365,0.13629573,0.12192729,-0.074459142,-0.075170298,-0.050429145,0.014799772,0.097246353,-0.083296873,-0.00599038,-0.081479475,0.491902227,-0.004235821,-0.079649493,-0.00599038,-0.094192657,-0.099357415,-0.06543479,-0.058640042,-0.072038378,-0.081007604,-0.069109234,-0.077233673,-0.078437404,-0.075576016,-0.067451008,-0.070024496,-0.070440808,-0.089805363,-0.06187355,0.014405549,-0.040035106,-0.006949474,-0.030946258,0.001976567,-0.027292127,-0.414865353,0.006146648,-0.027055487,-0.026816218,-0.023512146,0.165907961,-0.054569952,-0.057631731,-0.071203595,-0.08677971,-0.082652771,-0.027390293,-0.006855686,0.004107283,-0.075758955,0.004500914,-0.037059125,-0.099511181,-0.099349006,-0.094372691,-0.098947173,-0.235682017,-0.107221191,-0.03440192,0.085028101,-0.765291325,0.036971483,0.022794983,0.013850208,0.826882423,0.032460569,0.009001778,0.006146648,0.01582373,0.007207669,0.131675957,0.006712574,0.004212243,0.00574964,-0.887817381,0.082703868,0.751912098,0.003763963,0.004346267,0.030833607,0.044595533,0.006872216,-0.179110744,0.112975472,0.003073251,0.050619023,0.064342101,0.009719167
diff_srv_rate,0.001608306,-0.035557497,-0.112569282,,,,-0.03013985,,-0.221326055,-0.030726094,,,,,,,,,,0.222633848,-0.109438439,0.051492334,0.04498496,0.267596234,0.275322472,-0.376836593,1,-0.101178865,0.190841345,-0.300446615,-0.330737815,0.496589317,-0.010664109,-0.095598793,0.050397077,0.047317231,0.225387245,0.278101828,-0.060814831,0.296681902,0.006595163,0.005750252,0.012635553,0.00291487,0.020704568,0.021786441,0.002400672,0.003076687,0.004142725,0.004145584,0.005549139,0.006269973,0.004394052,-0.072783952,0.004308896,-0.034988251,-0.055314476,0.002579965,0.003093959,0.031320329,-0.009699253,-0.023652049,0.007023013,0.020704568,0.004310315,-0.221711645,0.014640282,0.004782766,0.020704568,0.001758114,0.002805082,0.002917046,0.003019145,0.003299095,0.003174716,0.004927266,0.003316725,0.005117674,0.00502656,0.003897961,0.006246225,0.005295377,0.002444285,0.008380173,0.013688371,0.318777581,0.032737186,0.00426846,0.019642695,0.008146072,0.163984876,-0.002786752,0.007153206,0.0065186,0.010529594,-0.032985616,0.008195798,0.005110313,0.003597165,0.005947882,0.004962867,0.008017486,0.001270589,-0.00168183,0.00112304,0.006767092,0.15435995,0.0046461,0.003215227,0.002192112,0.004847425,0.309898758,0.010387836,0.048418633,-0.0097038,0.045669098,-0.005507693,-0.006128454,-0.002432696,-0.222218327,-0.004197421,-0.002144407,-0.002786752,-0.007174123,-0.003267795,-0.058097716,-0.000202417,0.008347011,-0.002606757,0.036649222,-0.032312257,-0.203658177,-0.001706496,-0.0019705,-0.013979263,0.112390563,-0.003115708,0.570844663,-0.051220533,-0.001393343,-0.024815234,-0.025990815,-0.004406451
srv_diff_host_rate,-0.05009894,0.011233649,0.01287897,,,,-0.01707026,,0.131072318,-0.004731245,,,,,,,,,,-0.263063328,-0.077424111,-0.224024218,-0.225739897,-0.076063968,-0.073296253,0.277157991,-0.101178865,1,-0.360050938,0.153046753,0.291416313,-0.118727022,0.248365865,0.466022183,-0.226716943,-0.227028971,-0.076798763,-0.081426369,-0.054059065,0.014955707,-0.173343974,-0.051943406,-0.00901931,-0.03109071,-0.001492466,-0.031433854,-0.028199572,-0.028674971,-0.024690265,-0.025096483,-0.024138196,-0.024530507,-0.025230461,0.003022042,-0.022023193,0.495997422,-0.04732571,-0.02328598,-0.023019389,-0.035609072,-0.040597707,-0.061055425,-0.024068313,-0.001492466,-0.022675627,0.044965877,-0.001055329,-0.024346664,-0.001492466,-0.025809936,-0.027736512,-0.021997718,-0.018269961,-0.021403551,-0.02304375,-0.021895528,-0.022150132,-0.0224519,-0.021272218,-0.019685648,-0.02010783,-0.020052047,-0.026554919,-0.018177858,-0.01117622,-0.070913097,-0.002359824,-0.00932326,-0.017164989,-0.008768585,-0.171598528,-0.002985003,-0.00932326,-0.009790019,-0.007165165,0.286782517,-0.016534527,-0.018633866,-0.020630333,-0.024667505,-0.023092396,-0.051450634,-0.001827897,-0.002985003,-0.02705859,-0.003337361,-0.02043971,-0.029565282,-0.027777078,-0.026278149,-0.027858036,-0.049708156,-0.036873183,-0.010714755,-0.048713618,-0.221881317,-0.000172046,0.019032599,0.000203282,0.254153053,-0.016534316,-0.005780939,0.000848907,-0.007684495,0.004935321,0.400169876,0.031306897,-0.003166087,0.001306402,-0.25750085,0.227459589,0.119380436,-0.001827897,0.003311199,0.031214028,-0.056797082,-0.003337361,-0.063206625,-0.054864398,-0.001492466,-0.031630897,-0.02740397,-0.004719929
dst_host_count,0.05429516,-0.0730447,-0.209267179,,,,-0.043161084,,-0.401087338,-0.037133363,,,,,,,,,,0.468091121,0.15131904,0.395582448,0.393352878,0.068455404,0.071018534,-0.509780078,0.190841345,-0.360050938,1,-0.303211185,-0.518148671,0.144369074,-0.313014583,-0.505494236,0.410921344,0.407530851,0.071923004,0.067141985,0.010690448,0.216277479,-0.01561311,0.164914959,-0.013741784,0.060770701,0.002926019,0.038955659,0.053400525,0.056099232,0.048342516,0.044364255,0.046019389,0.047058299,0.046308691,0.129072443,0.041762268,-0.316414514,0.059316255,0.045652775,0.045130116,0.024328446,0.008876458,-0.09005835,0.043921724,0.002926019,0.044381873,-0.359793947,0.002069,0.047732275,0.002926019,0.049933061,0.054203233,0.043127104,0.035818739,0.041407295,0.043220837,0.042231753,0.040809348,0.041429194,0.04126797,0.038404917,0.039245537,0.038012952,0.051147339,0.03421686,-0.021860386,0.103505898,-0.000695347,0.018124094,-0.009892075,0.017191042,0.243730571,-0.004159076,0.014630749,0.014638105,0.014007152,-0.117861236,0.032260182,0.03044687,0.040036837,0.048100148,0.044421196,0.005786681,-0.005762749,-0.011860812,0.028988803,-0.003291596,0.042380936,0.057723799,0.054312309,0.050317818,0.052794624,0.028195339,0.050986575,0.015998218,0.057142705,0.398742194,-0.036219357,-0.024296083,-0.01242683,-0.400151655,-0.019074413,-0.027860578,-0.014511736,-0.032288,-0.014460541,-0.304153913,-0.021560938,-0.015292677,-0.008126602,0.465789839,-0.147964057,-0.375051085,0.000533766,0.004138048,-0.039392499,0.086120594,-0.000291824,0.114974994,0.080792173,0.002926019,0.047653846,-0.074440862,-0.019046632
dst_host_srv_count,-0.135982463,5.50E-05,0.323253371,,,,-0.039058214,,0.624362594,-0.004396287,,,,,,,,,,-0.395978647,0.205498442,-0.55780987,-0.555038293,-0.251078082,-0.249502984,0.705418675,-0.300446615,0.153046753,-0.303211185,1,0.8966629,-0.390317516,-0.068627463,0.014253192,-0.57260257,-0.567600314,-0.250309472,-0.252851433,0.289130591,-0.638880735,-0.102298958,0.129770752,-0.023163245,-0.078645135,-0.004126792,-0.084258402,-0.071688642,-0.072694455,-0.063029568,-0.064096056,-0.061888131,-0.062619961,-0.064914664,0.248589123,-0.055814731,-0.031731585,0.050393135,-0.058182451,-0.057680848,-0.097248643,-0.090791023,-0.133826864,-0.061074689,-0.004126792,-0.057366873,0.734629886,-0.002918071,-0.060925993,-0.004126792,-0.068147906,-0.069628748,-0.055211609,-0.045641735,-0.053995555,-0.058310214,-0.05519228,-0.056234804,-0.05713851,-0.054342883,-0.050011887,-0.051031761,-0.051082497,-0.066833271,-0.046159279,-0.025095401,-0.162191276,-0.006525109,-0.023882796,-0.0454806,-0.022382472,-0.390511508,-0.00793883,-0.024191241,-0.025247269,-0.021801837,0.026525376,-0.041503871,-0.04661124,-0.051912494,-0.062080423,-0.058505067,-0.111196007,-0.005010204,-0.008208787,-0.068145894,-0.006563977,-0.057437827,-0.074917339,-0.069988355,-0.066638108,-0.070725269,-0.181487746,-0.091483384,-0.028412927,-0.133367787,-0.552885472,0.012039459,0.024129736,0.001963627,0.670878061,-0.04796371,-0.014186283,-0.006688025,-0.016608132,-0.009294825,-0.053269038,-0.012021204,-0.008559359,-0.007682194,-0.639141928,-0.020566449,0.722546218,-0.005024899,0.006724086,-0.022336221,-0.158029186,-0.008825648,-0.157342427,0.061944312,-0.002453093,-0.042635148,-0.054448507,-0.012180198
dst_host_same_srv_rate,-0.1395048,0.068031894,0.31132062,,,,0.013809084,,0.604056318,0.059499272,,,,,,,,,,-0.473963946,0.184340691,-0.622803796,-0.619136237,-0.257616584,-0.255568462,0.788986533,-0.330737815,0.291416313,-0.518148671,0.8966629,1,-0.419344253,0.135947061,0.24458194,-0.639211071,-0.632054031,-0.257180029,-0.258150018,0.136161442,-0.551871082,-0.200894371,0.121530272,-0.012020898,-0.088595071,-0.004626223,-0.090290337,-0.080601304,-0.081877528,-0.070934561,-0.071925682,-0.069567494,-0.070441171,-0.072930872,0.232568654,-0.062867076,0.182238994,0.05889982,-0.065681576,-0.065095327,-0.103545856,-0.083538579,-0.078352421,-0.068747204,-0.004626223,-0.064645007,0.684155747,-0.003271221,-0.068772217,-0.004626223,-0.074355776,-0.078556548,-0.062286437,-0.051522763,-0.060862534,-0.065688044,-0.06193929,-0.063279276,-0.064253906,-0.061162073,-0.05630358,-0.057482774,-0.057491888,-0.075339391,-0.051752002,-0.009088939,-0.17662734,-0.007202522,-0.026859449,-0.045465847,-0.025162366,-0.423806292,-0.008520434,-0.02711534,-0.028342481,-0.022720644,0.042542965,-0.046829663,-0.051456669,-0.058528874,-0.070014873,-0.065902657,-0.094158655,-0.00530363,-6.65E-05,-0.059085326,-0.006693123,-0.064811181,-0.084376896,-0.078918366,-0.0749761,-0.079601134,-0.182980949,-0.095360205,-0.031579552,-0.14139152,-0.617262686,0.01359146,0.024945365,0.005809817,0.733638677,-0.050249005,0.016458597,0.006279552,0.021878109,0.008073127,0.135429792,0.00870963,0.005917839,0.003229088,-0.714172556,0.063384247,0.693812711,-0.005521032,0.005664037,0.004044636,-0.176020821,-0.00427185,-0.177857018,0.054842104,-0.002984285,-0.050205395,0.034318746,0.010631025
dst_host_diff_srv_rate,0.323504542,-0.036770901,-0.131369712,,,,-0.028852186,,-0.256067103,-0.027770904,,,,,,,,,,0.167454386,-0.107911918,-0.018194134,-0.028694038,0.376002806,0.380097382,-0.16648685,0.496589317,-0.118727022,0.144369074,-0.390317516,-0.419344253,1,0.232567419,-0.037430112,-0.017735865,-0.026102311,0.409123082,0.385090532,-0.183795754,0.410268538,-0.029615853,0.104297319,0.0056126,-0.002769845,0.019341573,0.001192325,-0.001715038,-0.004977786,-0.000287189,0.003873056,-0.002211511,-0.00107472,0.002275014,-0.098283335,-0.000918591,-0.080718432,-0.035587858,-0.003040678,-0.002113118,-0.008398409,-0.003190463,-0.009908289,0.006547181,0.019341573,0.000224519,-0.290431072,0.013676503,-0.003449892,0.019341573,-0.002080684,-0.001744557,-0.00200161,-0.000986553,-0.001682116,0.003522497,-0.000920479,0.004709039,0.003530829,0.001584439,0.001399634,0.002882045,-0.000907217,-0.003055423,0.002635102,-0.005970858,0.507242671,0.008838936,0.006485966,0.006717371,0.006871626,0.247793662,-0.002655499,0.014205382,0.01587189,0.009747531,-0.00507701,0.004098015,0.007588329,0.001833017,-0.000798199,-0.000641642,-0.003033744,-0.000592869,-0.001917292,0.00015769,0.000804051,-0.023717665,-0.005180926,-0.001392173,-0.000879392,0.00022416,0.272024238,0.009830534,0.019825446,0.320840411,-0.048399314,-0.002562017,-0.00832133,-0.003121001,-0.226237074,0.195674961,-0.006776693,0.007046644,-0.009008132,-0.004058214,0.044004667,-0.003280325,0.00548558,-0.003160416,-0.06112654,0.048586235,-0.242896798,-0.001367809,-0.002250536,0.0114085,0.375347226,-0.003251937,0.518219898,-0.037720264,-0.001327718,0.058835109,-0.027495434,-0.005266124
dst_host_same_src_port_rate,0.276601702,0.017299924,-0.080878879,,,,-0.038697448,,-0.16099391,-0.034179152,,,,,,,,,,-0.138228297,0.158327134,-0.275974721,-0.275070821,0.032678637,0.029802084,0.279722895,-0.010664109,0.248365865,-0.313014583,-0.068627463,0.135947061,0.232567419,1,0.458869283,-0.278910492,-0.276497096,0.038094246,0.027768043,-0.370501344,0.312350158,-0.474164355,0.146451348,-0.005851724,-0.037203717,-0.001913368,-0.033673472,-0.032960893,-0.034766944,-0.028784194,-0.028954306,-0.028924065,-0.028194478,-0.029637239,-0.076182546,-0.025498242,0.503511206,0.276652273,-0.027778867,-0.026951692,-0.043451398,-0.045081241,0.155739765,-0.028138146,-0.001913368,-0.025808042,-0.181722795,-0.00135295,-0.029299778,-0.001913368,-0.029097152,-0.032844782,-0.025567784,-0.020882999,-0.025364905,-0.026734112,-0.025861138,-0.025048787,-0.025652394,-0.023100789,-0.020673911,-0.022054329,-0.023406664,-0.031607455,-0.019701512,0.030891136,0.304694609,-0.002862222,-0.008017803,-0.010798417,-0.006849476,-0.032184128,-0.002762951,-0.005301668,-0.0069446,-0.003738391,-0.096899735,-0.015984583,-0.019442039,-0.023061243,-0.02869754,-0.02643844,-0.042221325,-0.001816952,0.009713421,-0.028562413,0.001027154,-0.006457264,-0.035970975,-0.032413047,-0.030568528,-0.033071333,-0.069281724,-0.038393159,0.032417351,0.246313508,-0.285644173,-0.00559129,-0.001711393,0.001354242,0.227558006,0.112155786,0.026586891,0.018740254,-0.002861353,0.015665382,0.403706494,0.027079818,0.016062541,0.01365258,-0.330983304,0.280107079,-0.09244527,-0.002290753,-0.002705933,0.054116378,0.28436826,0.00293029,0.061687138,0.256433776,-0.001913368,0.028958463,0.128507593,0.03065188
dst_host_srv_diff_host_rate,-0.034260181,-0.030134718,-0.015250128,,,,-0.034278847,,-0.052834085,-0.01659867,,,,,,,,,,-0.227775031,-0.061071994,-0.192245648,-0.190333581,0.015619998,0.012246219,0.240172279,-0.095598793,0.466022183,-0.505494236,0.014253192,0.24458194,-0.037430112,0.458869283,1,-0.194435137,-0.193041084,0.02242134,0.023266538,-0.258010829,0.248197363,-0.255114451,-0.112144461,-0.007727609,-0.026638053,-0.001278722,0.007454509,-0.02416097,-0.024568285,-0.021154248,-0.018153098,-0.020681244,-0.02101737,-0.0176192,-0.082522388,-0.018869141,0.75451052,-0.029867859,-0.019951078,-0.019722667,0.046197927,-0.032458745,-0.000515873,-0.015035748,-0.001278722,-0.019428137,-0.007968805,-0.00090419,-0.020859856,-0.001278722,-0.023058346,-0.023764227,-0.018847315,-0.015653428,-0.018338241,-0.016098559,-0.018759759,-0.015186957,-0.016244171,-0.018225717,-0.016866368,-0.017228086,-0.017180292,-0.022751856,-0.015574516,-0.007724906,-0.060757277,-0.002021862,-0.007988029,0.074653403,-0.007512792,-0.120001909,-0.002557506,-0.004395761,-0.001545507,-0.007291663,-0.051552986,-0.014166535,-0.009662813,-0.01767576,-0.021134748,-0.019785218,0.022609889,-0.001566115,-0.002557506,-0.018209655,-0.002377192,-0.018911423,-0.02533109,-0.023798983,-0.022514723,-0.022056155,0.048077527,-0.022953365,-0.008398648,-0.043108097,-0.188408427,-0.001825366,-0.000853991,-0.002365234,0.163395362,-0.014771003,0.004067972,0.007577988,-0.004405222,-0.002998977,0.796007032,0.041307862,0.014772559,-0.002392318,-0.218347439,0.159282748,-0.055117918,-0.001566115,-0.001808401,0.059912698,-0.047866772,-0.001894983,-0.053880378,-0.047006992,-0.001278722,-0.027100878,0.058087308,-0.004043964
